<?xml version="1.0"?>
<opencv_storage>
<distortion type_id="opencv-matrix">
  <rows>1</rows>
  <cols>5</cols>
  <dt>d</dt>
  <data>
    2.6938083758434106e-01 -6.3337294524272059e-01
    -2.3396549386651162e-02 -5.0074693942533900e-03
    5.0523982462078942e-01</data></distortion>
<intrinsic type_id="opencv-matrix">
  <rows>3</rows>
  <cols>3</cols>
  <dt>d</dt>
  <data>
    9.0750513782934956e+02 0. 6.1995396289014866e+02 0.
    9.2272057935661735e+02 3.4328455924562036e+02 0. 0. 1.</data></intrinsic>
</opencv_storage>
