<?xml version="1.0"?>
<opencv_storage>
<distortion type_id="opencv-matrix">
  <rows>1</rows>
  <cols>5</cols>
  <dt>d</dt>
  <data>
    2.6938083758434106e-01 -6.3337294524272059e-01
    -2.3396549386651162e-02 -5.0074693942533900e-03
    5.0523982462078942e-01</data></distortion>
<intrinsic type_id="opencv-matrix">
  <rows>3</rows>
  <cols>3</cols>
  <dt>d</dt>
  <data>
    9.0750513782934956e+02 0. 6.1995396289014866e+02 0.
    9.2272057935661735e+02 3.4328455924562036e+02 0. 0. 1.</data></intrinsic>
<Rot type_id="opencv-matrix">
  <rows>3</rows>
  <cols>3</cols>
  <dt>d</dt>
  <data>
    -3.5165692702974552e-02 9.8942632637198147e-01
    1.4070863064775224e-01 -9.5290153734725658e-01
    9.2425545216216903e-03 -3.0313897028780390e-01
    -3.0123418494247156e-01 -1.4474156233770746e-01
    9.4250084665961154e-01</data></Rot>
<Trans type_id="opencv-matrix">
  <rows>3</rows>
  <cols>1</cols>
  <dt>d</dt>
  <data>
    5.6867082848688244e+02 1.0989964751325497e+03 2.9120443553095374e+03</data></Trans>
</opencv_storage>
