intrinsic:
9.07505137 0.0 6.19953962
0.0 9.22720579 3.43284559
0.0 0.0 1.0
distortion:
2.69380837 -6.33372945 -2.33965493 -5.00746939 5.05239824