intrinsic:
9.854124932 0. 6.41010444
0.0 9.97077724 2.87080038
0.0 0.0 1.0
distortion:
2.44305476 -4.16125211 -3.83782587 -7.96973205 2.70361386
