intrinsic:
9.38643437 0. 6.14500327
0.0 9.42743656 3.12289932
0.0 0.0 1.0
distortion:
2.17398680 -5.32415679 -1.76951960 -4.79477242 4.92768173