<?xml version="1.0"?>
<opencv_storage>
<distortion type_id="opencv-matrix">
  <rows>1</rows>
  <cols>5</cols>
  <dt>d</dt>
  <data>
    2.4430547643019532e-01 -4.1612521183216272e-01
    -3.8378258703298931e-02 -7.9697320530768044e-05
    2.7036138615107336e-01</data></distortion>
<intrinsic type_id="opencv-matrix">
  <rows>3</rows>
  <cols>3</cols>
  <dt>d</dt>
  <data>
    9.8541249326707759e+02 0. 6.4101044496967847e+02 0.
    9.9707772408474898e+02 2.8708003868850994e+02 0. 0. 1.</data></intrinsic>
<Rot type_id="opencv-matrix">
  <rows>3</rows>
  <cols>3</cols>
  <dt>d</dt>
  <data>
    7.4402465843044474e-01 -6.6441398154178133e-01
    7.0578812537880786e-02 5.6673629096133760e-01 5.7161284908951893e-01
    -5.9335379602994787e-01 3.5388880196305456e-01
    4.8146942985776386e-01 8.0184157036012649e-01</data></Rot>
<Trans type_id="opencv-matrix">
  <rows>3</rows>
  <cols>1</cols>
  <dt>d</dt>
  <data>
    3.0945935915793925e+01 1.0051134627054448e+03 2.9526555560072325e+03</data></Trans>
</opencv_storage>
